Sat Dec  5 10:30:04 CET 2020
************************************Start rep. 1************************************
Opening Instances/hamming6-2.clq.txt (64 nodes, 1824 edges)
Malloc function ok

LibGA Version 1.00
(c) Copyright Arthur L. Corcoran, 1992, 1993.  All rights reserved.

GA Configuration Information:
-----------------------------
Basic Info
   Random Seed       : 1653
   Data Type         : Bit
   Init Pool Entered : Randomly     
   Chromosome Length : 64
   Pool Size         : 200
   Number of Trials  : 500 iterations, or until convergence
   Minimize          : No
   Elitism           : No
   Scale Factor      : 0

Functions
   GA          : generational (Gap = 0)
   Selection   : roulette 
   Crossover   : simple (Rate = 0.6)
   Mutation    : simple_invert (Rate = 0.4)
   Replacement : append

Reports
   Type     : Short
   Interval : 10
-----------------------------
seed: 1653
Gener    Min      Max      Ave    Variance  Std Dev  Tot Fit    Best 
-----  -------  -------  -------  --------  -------  -------  -------
    0      -21       15     2.18        52     7.21      436       15
New scale factor = 22
    1       -3       16     3.12      11.2     3.35      625       16
   10        0       12     3.37       2.4     1.55      673       16
New scale factor = 0
New scale factor = 2
New scale factor = 0
   20        1       12     6.67      3.78     1.94     1335       16
New scale factor = 2
New scale factor = 0
New scale factor = 1
New scale factor = 0
   30        3       19     10.9      7.97     2.82     2183       19
   40        3       24     15.7      10.9      3.3     3140       24
   50        9       26     18.3        12     3.46     3657       29
   60       10       31     21.1      18.6     4.31     4230       32
   70       14       33     24.2      14.1     3.76     4849       35
   80       21     2500  1.78E+03  6.73E+05      820   355821     2500
   90       25     2600  1.74E+03  8.19E+05      905   347069     2700
  100       27     2600  1.89E+03  6.92E+05      832   378915     2700
  110       25     2800  1.82E+03  8.65E+05      930   363967     2800
  120       30     2800  1.92E+03  7.85E+05      886   383209     2900
  130       28     2800  1.87E+03  8.31E+05      912   374835     2900
  140       29     2900    2E+03  8.27E+05      909   400172     2900
  150       26     2900  1.88E+03  1.03E+06  1.01E+03   375718     2900
  160       30     2900  1.99E+03  8.55E+05      925   397832     3000
  170       26     2900    2E+03  8.98E+05      948   400069     3000
  180       28     2900  1.86E+03  1.25E+06  1.12E+03   372899     3000
  190       31     2900  2.04E+03  9.56E+05      978   408725     3000
  200       30     3000  1.94E+03  1.15E+06  1.07E+03   388486     3100
  210       30     3100  1.96E+03  1.18E+06  1.09E+03   391016     3100
  220       31     3200  2.01E+03  1.24E+06  1.12E+03   401670     3200
  230       30     3200  2.11E+03  1.19E+06  1.09E+03   422901     3200
  240       30     3000  1.95E+03  1.13E+06  1.06E+03   389142     3200
  250       33     2900    2E+03  1.12E+06  1.06E+03   399349     3200
  260       29     2900  1.96E+03  1.12E+06  1.06E+03   392413     3200
  270       30     3000  2.09E+03  9.91E+05      995   417334     3200
  280       32     3000  2.1E+03  9.69E+05      984   419102     3200
  290       30     3100    2E+03  1.16E+06  1.08E+03   400549     3200
  300       30     3000  2.08E+03  1.02E+06  1.01E+03   416619     3200
  310       29     3100  2.04E+03   1.2E+06  1.09E+03   407172     3200
  320       29     3100  2.02E+03  1.21E+06  1.1E+03   403923     3200
  330       30     3100  2.24E+03  8.33E+05      913   448927     3200
  340       29     3100  2.09E+03  1.09E+06  1.05E+03   418454     3200
  350       33     3000  2.07E+03   1.2E+06  1.09E+03   413072     3200
  360       30     3100  2.03E+03  1.13E+06  1.06E+03   406880     3200
  370       25     3200  2.1E+03   1.1E+06  1.05E+03   419278     3200
  380       32     3100  2.06E+03   1.3E+06  1.14E+03   412027     3200
  390       30     3100  2.12E+03  1.16E+06  1.08E+03   424149     3200
  400       30     3100    2E+03   1.2E+06  1.09E+03   400729     3200
  410       33     3200  2.1E+03   1.3E+06  1.14E+03   419679     3200
  420       34     3100  2.12E+03  1.36E+06  1.16E+03   423346     3200
  430       31     3100  2.12E+03   1.1E+06  1.05E+03   424558     3200
  440       30     3000    2E+03  1.25E+06  1.12E+03   400792     3200
  450       28     3000  2.09E+03  1.02E+06  1.01E+03   417400     3200
  460       30     3000  1.99E+03  1.14E+06  1.07E+03   397465     3200
  470       29     3100  2.09E+03  1.19E+06  1.09E+03   418713     3200
  480       31     3200  2.11E+03  1.18E+06  1.08E+03   421891     3200
  490       29     2900  2.08E+03  1.03E+06  1.01E+03   416488     3200
  500       29     3000  1.97E+03  1.13E+06  1.06E+03   394312     3200

The specified number of iterations has been reached.

Best: 0 1 1 0 1 0 0 1 1 0 0 1 0 1 1 0 1 0 0 1 
      0 1 1 0 0 1 1 0 1 0 0 1 1 0 0 1 0 1 1 0 
      0 1 1 0 1 0 0 1 0 1 1 0 1 0 0 1 1 0 0 1 
      0 1 1 0  (3200)


Best chrom:  0.0000  1.0000  1.0000  0.0000  1.0000  0.0000  0.0000  1.0000  1.0000  0.0000  0.0000  1.0000  0.0000  1.0000  1.0000  0.0000  1.0000  0.0000  0.0000  1.0000  0.0000  1.0000  1.0000  0.0000  0.0000  1.0000  1.0000  0.0000  1.0000  0.0000  0.0000  1.0000  1.0000  0.0000  0.0000  1.0000  0.0000  1.0000  1.0000  0.0000  0.0000  1.0000  1.0000  0.0000  1.0000  0.0000  0.0000  1.0000  0.0000  1.0000  1.0000  0.0000  1.0000  0.0000  0.0000  1.0000  1.0000  0.0000  0.0000  1.0000  0.0000  1.0000  1.0000  0.0000  
(fitness: 3200)


Number of nodes: 1 2 4 7 8 11 13 14 16 19 21 22 25 26 28 31 32 35 37 38 41 42 44 47 49 50 52 55 56 59 61 62 [32]

 ************************************Finish rep. 1************************************
************************************Start rep. 2************************************
Opening Instances/hamming6-2.clq.txt (64 nodes, 1824 edges)
Malloc function ok

LibGA Version 1.00
(c) Copyright Arthur L. Corcoran, 1992, 1993.  All rights reserved.

GA Configuration Information:
-----------------------------
Basic Info
   Random Seed       : 1654
   Data Type         : Bit
   Init Pool Entered : Randomly     
   Chromosome Length : 64
   Pool Size         : 200
   Number of Trials  : 500 iterations, or until convergence
   Minimize          : No
   Elitism           : No
   Scale Factor      : 0

Functions
   GA          : generational (Gap = 0)
   Selection   : roulette 
   Crossover   : simple (Rate = 0.6)
   Mutation    : simple_invert (Rate = 0.4)
   Replacement : append

Reports
   Type     : Short
   Interval : 10
-----------------------------
seed: 1654
Gener    Min      Max      Ave    Variance  Std Dev  Tot Fit    Best 
-----  -------  -------  -------  --------  -------  -------  -------
    0      -19       16     1.75      39.6     6.29      349       16
New scale factor = 20
    1       -5       15   -0.955      9.62      3.1     -191       16
   10      -10       -2    -5.05       1.5     1.22    -1011       16
   20       -9       -2    -4.97      1.66     1.29     -995       16
   30       -9       -1    -4.13      2.19     1.48     -826       16
   40       -7        1    -2.69      1.37     1.17     -539       16
   50       -6        2    -1.24      1.83     1.35     -248       16
   60       -4        7    0.315      3.83     1.96       63       16
   70       -2        7     2.16      2.23     1.49      432       16
New scale factor = 0
New scale factor = 1
New scale factor = 0
   80        4       17     9.93      5.32     2.31     1986       17
   90        7       24     14.2      8.23     2.87     2847       24
  100        5       24     16.6      9.47     3.08     3330       24
  110        8       26     17.8      10.8     3.29     3554       27
  120       10       27     18.8      8.36     2.89     3762       28
  130       12       27     19.6      7.79     2.79     3923       30
  140       11       30     20.7      8.08     2.84     4144       30
  150       14       29     22.5      10.5     3.24     4491       31
  160       14       32     22.2      11.2     3.35     4446       32
  170       11       29     22.9      10.7     3.28     4572       32
  180       23     2100  1.42E+03   6.1E+05      781   284174     2100
  190       22     2300  1.29E+03  8.19E+05      905   257194     2300
  200       24     2500  1.56E+03  7.47E+05      864   311291     2500
  210       26     2400  1.72E+03  7.18E+05      847   344718     2500
  220       23     2500  1.65E+03  7.73E+05      879   330950     2700
  230       27     2600  1.71E+03  7.59E+05      871   342881     2700
  240       26     2600  1.77E+03  7.92E+05      890   354027     2700
  250       27     2700  1.81E+03  8.41E+05      917   362326     2900
  260       27     2700  1.83E+03     8E+05      894   366017     2900
  270       25     2900  1.78E+03  8.84E+05      940   355991     2900
  280       29     2900  1.8E+03  1.13E+06  1.06E+03   359302     3000
  290       28     3000  1.96E+03  1.06E+06  1.03E+03   391819     3000
  300       29     3100  2.1E+03  8.26E+05      909   420923     3100
  310       30     3100  1.95E+03  1.04E+06  1.02E+03   389844     3200
  320       27     3000  2.11E+03  1.11E+06  1.05E+03   421062     3200
  330       29     3000  1.99E+03  1.15E+06  1.07E+03   397936     3200
  340       26     3000  2.15E+03     1E+06    1E+03   430529     3200
  350       30     3000  1.98E+03  1.22E+06  1.11E+03   396381     3200
  360       31     3000  1.99E+03  1.26E+06  1.12E+03   397016     3200
  370       30     3100  2.04E+03   1.3E+06  1.14E+03   407815     3200
  380       32     3100  2.12E+03  1.13E+06  1.06E+03   424316     3200
  390       31     3100  2.14E+03  1.18E+06  1.09E+03   427574     3200
  400       30     3000  2.17E+03   9.6E+05      980   433879     3200
  410       29     2900  2.06E+03  1.07E+06  1.03E+03   412063     3200
  420       27     3000  2.05E+03  1.09E+06  1.04E+03   409611     3200
  430       29     3100  2.05E+03  1.11E+06  1.06E+03   410130     3200
  440       30     3000  1.99E+03  1.17E+06  1.08E+03   397298     3200
  450       30     3100  2.13E+03  9.39E+05      969   426956     3200
  460       29     3100  2.11E+03  9.22E+05      960   421114     3200
  470       29     3100  2.1E+03  1.12E+06  1.06E+03   420852     3200
  480       33     3100  2.24E+03  9.76E+05      988   448607     3200
  490       34     3200  2.11E+03  1.28E+06  1.13E+03   422353     3200
  500       30     3200  2.17E+03  1.17E+06  1.08E+03   433482     3200

The specified number of iterations has been reached.

Best: 0 1 1 0 1 0 0 1 1 0 0 1 0 1 1 0 1 0 0 1 
      0 1 1 0 0 1 1 0 1 0 0 1 1 0 0 1 0 1 1 0 
      0 1 1 0 1 0 0 1 0 1 1 0 1 0 0 1 1 0 0 1 
      0 1 1 0  (3200)


Best chrom:  0.0000  1.0000  1.0000  0.0000  1.0000  0.0000  0.0000  1.0000  1.0000  0.0000  0.0000  1.0000  0.0000  1.0000  1.0000  0.0000  1.0000  0.0000  0.0000  1.0000  0.0000  1.0000  1.0000  0.0000  0.0000  1.0000  1.0000  0.0000  1.0000  0.0000  0.0000  1.0000  1.0000  0.0000  0.0000  1.0000  0.0000  1.0000  1.0000  0.0000  0.0000  1.0000  1.0000  0.0000  1.0000  0.0000  0.0000  1.0000  0.0000  1.0000  1.0000  0.0000  1.0000  0.0000  0.0000  1.0000  1.0000  0.0000  0.0000  1.0000  0.0000  1.0000  1.0000  0.0000  
(fitness: 3200)


Number of nodes: 1 2 4 7 8 11 13 14 16 19 21 22 25 26 28 31 32 35 37 38 41 42 44 47 49 50 52 55 56 59 61 62 [32]

 ************************************Finish rep. 2************************************
************************************Start rep. 3************************************
Opening Instances/hamming6-2.clq.txt (64 nodes, 1824 edges)
Malloc function ok

LibGA Version 1.00
(c) Copyright Arthur L. Corcoran, 1992, 1993.  All rights reserved.

GA Configuration Information:
-----------------------------
Basic Info
   Random Seed       : 1655
   Data Type         : Bit
   Init Pool Entered : Randomly     
   Chromosome Length : 64
   Pool Size         : 200
   Number of Trials  : 500 iterations, or until convergence
   Minimize          : No
   Elitism           : No
   Scale Factor      : 0

Functions
   GA          : generational (Gap = 0)
   Selection   : roulette 
   Crossover   : simple (Rate = 0.6)
   Mutation    : simple_invert (Rate = 0.4)
   Replacement : append

Reports
   Type     : Short
   Interval : 10
-----------------------------
seed: 1655
Gener    Min      Max      Ave    Variance  Std Dev  Tot Fit    Best 
-----  -------  -------  -------  --------  -------  -------  -------
    0      -21       21     1.58      44.9      6.7      316       21
New scale factor = 22
    1       -2       18     3.58      4.93     2.22      716       21
   10       -3        6      1.9      1.51     1.23      380       21
New scale factor = 0
New scale factor = 1
New scale factor = 2
   20        1       11     6.14      2.51     1.59     1228       21
New scale factor = 0
New scale factor = 1
New scale factor = 0
New scale factor = 1
New scale factor = 0
New scale factor = 1
New scale factor = 0
   30        3       19       12      9.35     3.06     2405       21
   40        7       20     15.1      6.83     2.61     3026       21
   50        7       22     15.4      8.13     2.85     3081       22
   60       10       22     16.3      6.34     2.52     3263       22
   70        8       24     17.2      6.33     2.52     3444       24
   80       11       23     18.2      6.49     2.55     3643       24
   90        9       25     18.4      7.34     2.71     3673       26
  100       14       25     19.6      6.83     2.61     3926       26
  110        9       26     19.4      6.95     2.64     3880       29
  120       11       26     18.9      6.45     2.54     3782       29
  130        6       26     18.9      9.74     3.12     3775       29
  140       10       25     19.9      9.25     3.04     3984       29
  150       10       26       19      11.5     3.39     3808       29
  160       12       26     19.5      10.2      3.2     3898       29
  170       10       29     19.6      14.1     3.76     3925       29
  180       11       33     21.9      12.6     3.55     4383       33
  190       16     1700  1.03E+03  3.85E+05      621   206297     1700
  200       18     1800  1.16E+03  3.92E+05      626   231707     1800
  210       19     2000  1.2E+03  5.14E+05      717   240251     2100
  220       20     2300  1.33E+03  5.72E+05      756   266458     2300
  230       20     2200  1.32E+03  5.83E+05      763   263951     2300
  240       21     2200  1.35E+03  6.48E+05      805   269118     2300
  250       23     2200  1.37E+03  7.29E+05      854   273977     2300
  260       22     2400  1.48E+03  6.87E+05      829   295240     2400
  270       22     2400  1.56E+03  7.25E+05      852   311755     2500
  280       23     2500  1.6E+03  7.61E+05      873   319480     2600
  290       24     2600  1.68E+03  7.67E+05      876   335423     2800
  300       26     2700  1.64E+03  7.62E+05      873   328781     2800
  310       26     2700  1.81E+03  7.29E+05      854   361918     2800
  320       27     2700  1.81E+03  7.54E+05      868   361367     2800
  330       25     2800  1.85E+03  8.95E+05      946   370744     2800
  340       27     3000  1.92E+03  1.05E+06  1.02E+03   383307     3000
  350       30     3000  2.01E+03  1.08E+06  1.04E+03   401724     3000
  360       31     3000  2.18E+03  8.38E+05      916   435992     3200
  370       28     3000    2E+03   1.2E+06  1.09E+03   400159     3200
  380       33     3100  1.97E+03  1.28E+06  1.13E+03   393974     3200
  390       31     3100  2.16E+03  1.09E+06  1.04E+03   431058     3200
  400       32     3100  2.25E+03  9.11E+05      955   450650     3200
  410       34     3100  2.06E+03  1.18E+06  1.09E+03   411646     3200
  420       32     3100  1.99E+03  1.22E+06  1.1E+03   397284     3200
  430       29     3000  2.05E+03  1.15E+06  1.07E+03   410281     3200
  440       31     3000  2.2E+03  9.05E+05      952   440846     3200
  450       34     3000  2.06E+03  1.21E+06  1.1E+03   411617     3200
  460       32     3000  2.18E+03  9.11E+05      954   436388     3200
  470       30     3000  2.04E+03  1.16E+06  1.08E+03   408724     3200
  480       31     3000  2.13E+03  1.13E+06  1.06E+03   425809     3200
  490       28     3100  2.12E+03  1.12E+06  1.06E+03   423311     3200
  500       31     3100  2.21E+03  9.71E+05      986   442625     3200

The specified number of iterations has been reached.

Best: 0 1 1 0 1 0 0 1 1 0 0 1 0 1 1 0 1 0 0 1 
      0 1 1 0 0 1 1 0 1 0 0 1 1 0 0 1 0 1 1 0 
      0 1 1 0 1 0 0 1 0 1 1 0 1 0 0 1 1 0 0 1 
      0 1 1 0  (3200)


Best chrom:  0.0000  1.0000  1.0000  0.0000  1.0000  0.0000  0.0000  1.0000  1.0000  0.0000  0.0000  1.0000  0.0000  1.0000  1.0000  0.0000  1.0000  0.0000  0.0000  1.0000  0.0000  1.0000  1.0000  0.0000  0.0000  1.0000  1.0000  0.0000  1.0000  0.0000  0.0000  1.0000  1.0000  0.0000  0.0000  1.0000  0.0000  1.0000  1.0000  0.0000  0.0000  1.0000  1.0000  0.0000  1.0000  0.0000  0.0000  1.0000  0.0000  1.0000  1.0000  0.0000  1.0000  0.0000  0.0000  1.0000  1.0000  0.0000  0.0000  1.0000  0.0000  1.0000  1.0000  0.0000  
(fitness: 3200)


Number of nodes: 1 2 4 7 8 11 13 14 16 19 21 22 25 26 28 31 32 35 37 38 41 42 44 47 49 50 52 55 56 59 61 62 [32]

 ************************************Finish rep. 3************************************
************************************Start rep. 4************************************
Opening Instances/hamming6-2.clq.txt (64 nodes, 1824 edges)
Malloc function ok

LibGA Version 1.00
(c) Copyright Arthur L. Corcoran, 1992, 1993.  All rights reserved.

GA Configuration Information:
-----------------------------
Basic Info
   Random Seed       : 1656
   Data Type         : Bit
   Init Pool Entered : Randomly     
   Chromosome Length : 64
   Pool Size         : 200
   Number of Trials  : 500 iterations, or until convergence
   Minimize          : No
   Elitism           : No
   Scale Factor      : 0

Functions
   GA          : generational (Gap = 0)
   Selection   : roulette 
   Crossover   : simple (Rate = 0.6)
   Mutation    : simple_invert (Rate = 0.4)
   Replacement : append

Reports
   Type     : Short
   Interval : 10
-----------------------------
seed: 1656
Gener    Min      Max      Ave    Variance  Std Dev  Tot Fit    Best 
-----  -------  -------  -------  --------  -------  -------  -------
    0      -27       16     1.39      48.8     6.99      278       16
New scale factor = 28
    1      -12       10    -7.68      12.3     3.51    -1536       16
   10      -11       -3    -6.56      2.55      1.6    -1312       16
   20      -15       -6    -10.6      2.53     1.59    -2111       16
   30      -14       -5    -9.76      2.54     1.59    -1951       16
   40      -20      -12    -15.8      2.23     1.49    -3167       16
   50      -17      -10    -12.7      1.54     1.24    -2544       16
   60      -17      -10      -13      1.47     1.21    -2595       16
   70      -15       -7    -10.7      2.77     1.67    -2149       16
   80      -14       -6    -9.66      2.07     1.44    -1933       16
   90      -13       -5    -8.71      2.46     1.57    -1741       16
  100       -7        0    -3.71      1.67     1.29     -741       16
  110       -9       -2    -5.68      1.87     1.37    -1136       16
  120      -11       -2    -6.08      1.92     1.39    -1215       16
  130      -12       -3    -7.06      2.75     1.66    -1412       16
  140       -6        2     -2.7       1.8     1.34     -540       16
  150       -8        0    -4.66      2.21     1.49     -932       16
  160      -11       -3    -7.69      1.45      1.2    -1538       16
  170      -10       -2    -5.94      1.59     1.26    -1188       16
  180       -9        0    -4.17      1.65     1.28     -833       16
  190       -5        3    -1.35      2.37     1.54     -270       16
  200      -10       -1    -5.75      2.69     1.64    -1151       16
  210       -8        1    -3.84      2.05     1.43     -768       16
  220       -3        5     1.12      1.81     1.34      225       16
  230       -5        3   -0.695      1.72     1.31     -139       16
  240       -9       -1    -5.13      1.82     1.35    -1027       16
  250      -11       -3    -7.75      2.29     1.51    -1549       16
  260      -13       -4    -8.06       2.5     1.58    -1613       16
  270       -6        2    -1.31       2.1     1.45     -262       16
  280       -6        2    -1.99      1.86     1.37     -397       16
  290       -3        4     0.25      1.62     1.27       50       16
  300       -6        1    -2.22      1.86     1.36     -444       16
  310       -7       -1    -4.64      1.67     1.29     -928       16
  320        0        6     2.67      1.56     1.25      533       16
  330       -2        4     0.26      1.42     1.19       52       16
New scale factor = 0
New scale factor = 1
New scale factor = 0
  340        0       17     7.45      7.58     2.75     1490       17
New scale factor = 1
New scale factor = 0
  350        2       25     15.4      20.3     4.51     3077       26
New scale factor = 2
New scale factor = 0
  360       10       28     20.6      13.7      3.7     4110       29
  370       13       32     23.3      13.6     3.68     4666       33
  380       22     2200  1.49E+03  4.84E+05      696   297314     2200
  390       23     2300  1.58E+03  4.86E+05      697   315064     2300
  400       22     2500  1.64E+03  6.29E+05      793   327451     2500
  410       24     2600  1.74E+03  8.24E+05      908   347160     2700
  420       23     2800  1.74E+03  7.47E+05      864   348316     2800
  430       23     2900  1.71E+03  1.01E+06    1E+03   342236     2900
  440       26     2900  1.93E+03  9.41E+05      970   386656     2900
  450       27     3000  1.93E+03  9.81E+05      991   386514     3000
  460       30     3000    2E+03  1.04E+06  1.02E+03   400961     3100
  470       30     3000  1.99E+03  1.18E+06  1.09E+03   398618     3100
  480       32     3100  2.11E+03  1.02E+06  1.01E+03   422485     3100
  490       30     3000  2.02E+03  1.09E+06  1.04E+03   404840     3100
  500       30     3100  2.07E+03  1.16E+06  1.08E+03   413410     3100

The specified number of iterations has been reached.

Best: 0 1 1 0 1 0 0 1 1 0 0 1 0 1 1 0 1 0 0 1 
      0 1 1 0 0 1 1 0 1 0 0 1 1 0 0 1 0 1 1 0 
      0 1 1 0 1 0 0 1 0 1 1 0 1 0 0 0 1 0 0 1 
      0 1 1 0  (3100)


Best chrom:  0.0000  1.0000  1.0000  0.0000  1.0000  0.0000  0.0000  1.0000  1.0000  0.0000  0.0000  1.0000  0.0000  1.0000  1.0000  0.0000  1.0000  0.0000  0.0000  1.0000  0.0000  1.0000  1.0000  0.0000  0.0000  1.0000  1.0000  0.0000  1.0000  0.0000  0.0000  1.0000  1.0000  0.0000  0.0000  1.0000  0.0000  1.0000  1.0000  0.0000  0.0000  1.0000  1.0000  0.0000  1.0000  0.0000  0.0000  1.0000  0.0000  1.0000  1.0000  0.0000  1.0000  0.0000  0.0000  0.0000  1.0000  0.0000  0.0000  1.0000  0.0000  1.0000  1.0000  0.0000  
(fitness: 3100)


Number of nodes: 1 2 4 7 8 11 13 14 16 19 21 22 25 26 28 31 32 35 37 38 41 42 44 47 49 50 52 56 59 61 62 [31]

 ************************************Finish rep. 4************************************
************************************Start rep. 5************************************
Opening Instances/hamming6-2.clq.txt (64 nodes, 1824 edges)
Malloc function ok

LibGA Version 1.00
(c) Copyright Arthur L. Corcoran, 1992, 1993.  All rights reserved.

GA Configuration Information:
-----------------------------
Basic Info
   Random Seed       : 1665
   Data Type         : Bit
   Init Pool Entered : Randomly     
   Chromosome Length : 64
   Pool Size         : 200
   Number of Trials  : 500 iterations, or until convergence
   Minimize          : No
   Elitism           : No
   Scale Factor      : 0

Functions
   GA          : generational (Gap = 0)
   Selection   : roulette 
   Crossover   : simple (Rate = 0.6)
   Mutation    : simple_invert (Rate = 0.4)
   Replacement : append

Reports
   Type     : Short
   Interval : 10
-----------------------------
seed: 1665
Gener    Min      Max      Ave    Variance  Std Dev  Tot Fit    Best 
-----  -------  -------  -------  --------  -------  -------  -------
    0      -17       17     0.96      37.7     6.14      192       17
New scale factor = 18
    1       -1       14     4.11      3.11     1.76      821       17
   10       -8        0    -4.58       2.4     1.55     -917       17
   20       -6        0     -3.1      1.54     1.24     -621       17
New scale factor = 0
   30        0       12     5.67      3.74     1.93     1133       17
New scale factor = 1
New scale factor = 0
   40        2       19     11.2      6.92     2.63     2242       19
   50        5       21     14.1      9.84     3.14     2818       21
New scale factor = 2
New scale factor = 0
   60        5       24     16.4      7.91     2.81     3283       24
   70        9       24     17.6       7.7     2.77     3528       25
   80       10       27     18.4      7.26     2.69     3685       27
   90       11       25     19.5      7.43     2.72     3892       28
  100       13       33     21.1      12.6     3.55     4221       34
  110       12       34     21.8      12.6     3.54     4367       37
  120       26     2600  1.84E+03  8.81E+05      939   367192     2600
  130       28     2600  1.83E+03  8.31E+05      911   366019     2800
  140       27     2900  1.85E+03  8.89E+05      943   369443     2900
  150       29     2900  2.01E+03  8.96E+05      946   402491     3000
  160       28     2900  1.91E+03  1.05E+06  1.02E+03   382358     3000
  170       26     2900  1.96E+03  1.08E+06  1.04E+03   392260     3200
  180       27     3000  2.04E+03  1.11E+06  1.05E+03   407090     3200
  190       30     3000  2.01E+03  1.08E+06  1.04E+03   401336     3200
  200       34     3000  2.21E+03  9.95E+05      998   442385     3200
  210       30     3000  2.03E+03  1.26E+06  1.12E+03   406969     3200
  220       30     3000  1.93E+03  1.21E+06  1.1E+03   386991     3200
  230       29     3000    2E+03  1.22E+06  1.1E+03   399607     3200
  240       29     2900  2.08E+03  1.05E+06  1.02E+03   416735     3200
  250       27     3000  2.17E+03     1E+06    1E+03   433689     3200
  260       29     3000  2.04E+03  1.07E+06  1.03E+03   408001     3200
  270       28     3100  2.01E+03  1.12E+06  1.06E+03   402477     3200
  280       30     3000  2.08E+03  1.06E+06  1.03E+03   416824     3200
  290       32     3000  2.21E+03  1.03E+06  1.02E+03   441033     3200
  300       30     3000  1.98E+03  1.26E+06  1.12E+03   396309     3200
  310       29     3100  2.22E+03  9.09E+05      953   443356     3200
  320       30     3000  2.04E+03  1.17E+06  1.08E+03   408122     3200
  330       30     3100  2.07E+03  1.16E+06  1.08E+03   413769     3200
  340       30     3000  2.03E+03  1.12E+06  1.06E+03   406091     3200
  350       32     3100  2.06E+03  1.15E+06  1.07E+03   411727     3200
  360       30     3100  2.13E+03  1.14E+06  1.07E+03   426810     3200
  370       30     3100  2.14E+03  1.15E+06  1.07E+03   427999     3200
  380       29     3100  2.09E+03   1.2E+06  1.09E+03   418316     3200
  390       33     3100  2.17E+03  9.72E+05      986   434569     3200
  400       30     3100  2.04E+03   1.2E+06  1.1E+03   408077     3200
  410       34     3100  2.1E+03  1.23E+06  1.11E+03   419082     3200
  420       30     3100  2.22E+03  1.12E+06  1.06E+03   443901     3200
  430       30     3100  2.27E+03  9.47E+05      973   454983     3200
  440       31     3100  2.06E+03  1.35E+06  1.16E+03   411262     3200
  450       34     3200  2.36E+03  8.02E+05      896   472565     3200
  460       33     3100  2.23E+03  1.05E+06  1.02E+03   446254     3200
  470       30     3100  2.1E+03  1.09E+06  1.04E+03   419017     3200
  480       28     2900  1.96E+03  1.21E+06  1.1E+03   392619     3200
  490       29     3000  2.14E+03  9.78E+05      989   428379     3200
  500       30     3000  2.04E+03  1.11E+06  1.06E+03   408338     3200

The specified number of iterations has been reached.

Best: 0 1 1 0 1 0 0 1 1 0 0 1 0 1 1 0 1 0 0 1 
      0 1 1 0 0 1 1 0 1 0 0 1 1 0 0 1 0 1 1 0 
      0 1 1 0 1 0 0 1 0 1 1 0 1 0 0 1 1 0 0 1 
      0 1 1 0  (3200)


Best chrom:  0.0000  1.0000  1.0000  0.0000  1.0000  0.0000  0.0000  1.0000  1.0000  0.0000  0.0000  1.0000  0.0000  1.0000  1.0000  0.0000  1.0000  0.0000  0.0000  1.0000  0.0000  1.0000  1.0000  0.0000  0.0000  1.0000  1.0000  0.0000  1.0000  0.0000  0.0000  1.0000  1.0000  0.0000  0.0000  1.0000  0.0000  1.0000  1.0000  0.0000  0.0000  1.0000  1.0000  0.0000  1.0000  0.0000  0.0000  1.0000  0.0000  1.0000  1.0000  0.0000  1.0000  0.0000  0.0000  1.0000  1.0000  0.0000  0.0000  1.0000  0.0000  1.0000  1.0000  0.0000  
(fitness: 3200)


Number of nodes: 1 2 4 7 8 11 13 14 16 19 21 22 25 26 28 31 32 35 37 38 41 42 44 47 49 50 52 55 56 59 61 62 [32]

 ************************************Finish rep. 5************************************
************************************Start rep. 6************************************
Opening Instances/hamming6-2.clq.txt (64 nodes, 1824 edges)
Malloc function ok

LibGA Version 1.00
(c) Copyright Arthur L. Corcoran, 1992, 1993.  All rights reserved.

GA Configuration Information:
-----------------------------
Basic Info
   Random Seed       : 1675
   Data Type         : Bit
   Init Pool Entered : Randomly     
   Chromosome Length : 64
   Pool Size         : 200
   Number of Trials  : 500 iterations, or until convergence
   Minimize          : No
   Elitism           : No
   Scale Factor      : 0

Functions
   GA          : generational (Gap = 0)
   Selection   : roulette 
   Crossover   : simple (Rate = 0.6)
   Mutation    : simple_invert (Rate = 0.4)
   Replacement : append

Reports
   Type     : Short
   Interval : 10
-----------------------------
seed: 1675
Gener    Min      Max      Ave    Variance  Std Dev  Tot Fit    Best 
-----  -------  -------  -------  --------  -------  -------  -------
    0      -23       16     1.32      54.2     7.36      264       16
New scale factor = 24
    1        1       13     7.54      1.63     1.28     1509       16
New scale factor = 0
New scale factor = 2
New scale factor = 0
   10        4       17       11      8.29     2.88     2194       18
New scale factor = 1
New scale factor = 0
   20        7       21     14.4      6.78      2.6     2881       22
   30        8       23     16.2      6.33     2.52     3235       23
   40       10       24     17.6      7.71     2.78     3521       25
   50       12       25       19      7.77     2.79     3793       26
   60       10       26     19.2      7.34     2.71     3841       27
   70       10       29     19.7      13.2     3.64     3949       31
   80       10       30     21.3      11.7     3.42     4258       31
   90       20     2000  1.27E+03  6.42E+05      801   254630     2000
  100       21     2100  1.33E+03  5.67E+05      753   265406     2200
  110       21     2200  1.46E+03  5.35E+05      731   292485     2200
  120       22     2300  1.4E+03  5.85E+05      765   279151     2300
  130       22     2300  1.51E+03  6.09E+05      780   302949     2400
  140       23     2600  1.7E+03  6.34E+05      796   340237     2700
  150       25     2800  1.7E+03   9.6E+05      980   339492     2800
  160       26     2800  1.92E+03  8.18E+05      904   383182     3000
  170       25     2900  1.8E+03  1.19E+06  1.09E+03   360756     3000
  180       28     3200  2.01E+03   1.2E+06  1.1E+03   401817     3200
  190       33     3200  2.15E+03  1.09E+06  1.05E+03   430634     3200
  200       30     3000  2.02E+03  1.25E+06  1.12E+03   404340     3200
  210       31     3100  2.12E+03  1.06E+06  1.03E+03   423710     3200
  220       29     3000  2.11E+03  1.08E+06  1.04E+03   421425     3200
  230       32     3100  2.1E+03  1.07E+06  1.04E+03   420836     3200
  240       31     3000  2.02E+03  1.14E+06  1.07E+03   403212     3200
  250       31     3200  2.01E+03  1.21E+06  1.1E+03   402448     3200
  260       31     3200  2.2E+03  1.11E+06  1.05E+03   439696     3200
  270       33     3200  2.11E+03  1.35E+06  1.16E+03   421528     3200
  280       31     3200  2.13E+03  1.27E+06  1.13E+03   425789     3200
  290       32     3100  2.2E+03  1.17E+06  1.08E+03   440614     3200
  300       34     3100  2.16E+03  1.22E+06  1.11E+03   431236     3200
  310       30     3200  2.07E+03  1.24E+06  1.11E+03   414312     3200
  320       30     3000  1.99E+03  1.14E+06  1.07E+03   397313     3200
  330       28     3100  2.11E+03  1.03E+06  1.01E+03   421966     3200
  340       29     3000  1.97E+03  1.16E+06  1.08E+03   393745     3200
  350       30     3100  2.13E+03     1E+06    1E+03   425429     3200
  360       30     3100  1.97E+03  1.23E+06  1.11E+03   394765     3200
  370       30     3100  2.1E+03  1.08E+06  1.04E+03   419143     3200
  380       29     3100  2.06E+03  1.21E+06  1.1E+03   411760     3200
  390       34     3100  2.14E+03  1.31E+06  1.15E+03   427853     3200
  400       35     3200  2.21E+03  1.21E+06  1.1E+03   441384     3200
  410       34     3200  2.2E+03   1.2E+06  1.09E+03   439000     3200
  420       31     3200  2.16E+03  1.24E+06  1.11E+03   432726     3200
  430       30     3200  2.09E+03  1.29E+06  1.14E+03   417766     3200
  440       32     3100  2.09E+03  1.26E+06  1.12E+03   417644     3200
  450       34     3200  2.05E+03  1.29E+06  1.14E+03   410321     3200
  460       30     3100  2.14E+03  1.04E+06  1.02E+03   427770     3200
  470       30     3000  2.02E+03  1.25E+06  1.12E+03   404751     3200
  480       32     3200  2.08E+03  1.28E+06  1.13E+03   415749     3200
  490       35     3200  2.13E+03  1.37E+06  1.17E+03   425467     3200
  500       34     3100  2.24E+03  9.91E+05      995   447556     3200

The specified number of iterations has been reached.

Best: 1 0 0 1 0 1 1 0 0 1 1 0 1 0 0 1 0 1 1 0 
      1 0 0 1 1 0 0 1 0 1 1 0 0 1 1 0 1 0 0 1 
      1 0 0 1 0 1 1 0 1 0 0 1 0 1 1 0 0 1 1 0 
      1 0 0 1  (3200)


Best chrom:  1.0000  0.0000  0.0000  1.0000  0.0000  1.0000  1.0000  0.0000  0.0000  1.0000  1.0000  0.0000  1.0000  0.0000  0.0000  1.0000  0.0000  1.0000  1.0000  0.0000  1.0000  0.0000  0.0000  1.0000  1.0000  0.0000  0.0000  1.0000  0.0000  1.0000  1.0000  0.0000  0.0000  1.0000  1.0000  0.0000  1.0000  0.0000  0.0000  1.0000  1.0000  0.0000  0.0000  1.0000  0.0000  1.0000  1.0000  0.0000  1.0000  0.0000  0.0000  1.0000  0.0000  1.0000  1.0000  0.0000  0.0000  1.0000  1.0000  0.0000  1.0000  0.0000  0.0000  1.0000  
(fitness: 3200)


Number of nodes: 0 3 5 6 9 10 12 15 17 18 20 23 24 27 29 30 33 34 36 39 40 43 45 46 48 51 53 54 57 58 60 63 [32]

 ************************************Finish rep. 6************************************
************************************Start rep. 7************************************
Opening Instances/hamming6-2.clq.txt (64 nodes, 1824 edges)
Malloc function ok

LibGA Version 1.00
(c) Copyright Arthur L. Corcoran, 1992, 1993.  All rights reserved.

GA Configuration Information:
-----------------------------
Basic Info
   Random Seed       : 1678
   Data Type         : Bit
   Init Pool Entered : Randomly     
   Chromosome Length : 64
   Pool Size         : 200
   Number of Trials  : 500 iterations, or until convergence
   Minimize          : No
   Elitism           : No
   Scale Factor      : 0

Functions
   GA          : generational (Gap = 0)
   Selection   : roulette 
   Crossover   : simple (Rate = 0.6)
   Mutation    : simple_invert (Rate = 0.4)
   Replacement : append

Reports
   Type     : Short
   Interval : 10
-----------------------------
seed: 1678
Gener    Min      Max      Ave    Variance  Std Dev  Tot Fit    Best 
-----  -------  -------  -------  --------  -------  -------  -------
    0      -21       16     1.37      44.6     6.68      274       16
New scale factor = 22
    1       -6       16    -2.12      8.06     2.84     -424       16
   10       -8       -1       -4       1.7     1.31     -801       16
   20       -3        5     1.23      1.88     1.37      245       16
   30       -4        3     0.02      1.27     1.13        4       16
   40        1        7     3.92     0.862    0.928      783       16
New scale factor = 0
New scale factor = 3
New scale factor = 0
New scale factor = 2
New scale factor = 0
New scale factor = 1
New scale factor = 3
New scale factor = 0
   50        2       17     9.72      7.67     2.77     1944       17
   60        6       23     14.4      9.27     3.04     2882       23
   70        6       26     17.8      11.3     3.36     3564       26
   80       11       28     20.8       9.5     3.08     4154       29
   90       10       29       21      12.7     3.57     4202       32
  100        9       33     22.2      13.9     3.73     4433       33
  110       10       31     22.8      18.1     4.26     4566       33
  120       15       33       24      10.4     3.23     4801       33
  130       16       37     25.1      14.8     3.85     5022       37
  140       15       37     25.2      12.7     3.56     5047       37
  150       17       37     26.6      20.2     4.49     5327       38
  160       17       35     27.7      15.5     3.94     5547       38
  170       16     2500      436  7.62E+05      873    87257     2500
  180       25     2400  1.6E+03   9.2E+05      959   319271     2700
  190       27     2500  1.77E+03  6.45E+05      803   354556     2700
  200       24     2400  1.55E+03  8.18E+05      904   310486     2700
  210       25     2600  1.81E+03     7E+05      837   361895     2700
  220       25     2600  1.75E+03  8.61E+05      928   350806     2700
  230       24     2600  1.73E+03  8.89E+05      943   345370     2800
  240       26     2800  1.65E+03  8.78E+05      937   329016     2800
  250       24     2700  1.77E+03  7.25E+05      852   353416     2800
  260       25     2700  1.71E+03  8.76E+05      936   341429     2800
  270       27     3000  2.03E+03  7.45E+05      863   406800     3000
  280       25     3000  1.88E+03  1.09E+06  1.04E+03   376615     3100
  290       27     3000  2.04E+03  9.84E+05      992   408668     3100
  300       30     3100  2.05E+03  1.09E+06  1.04E+03   410019     3100
  310       29     3100    2E+03   1.2E+06  1.1E+03   400834     3200
  320       33     3200  2.14E+03  1.04E+06  1.02E+03   428986     3200
  330       28     2900  1.88E+03  1.14E+06  1.07E+03   375856     3200
  340       28     3100  1.86E+03  1.23E+06  1.11E+03   371129     3200
  350       29     2900  2.05E+03  8.91E+05      944   409724     3200
  360       28     3100  2.13E+03  8.99E+05      948   425097     3200
  370       27     3000  2.05E+03  1.03E+06  1.01E+03   409698     3200
  380       32     3000  2.09E+03   1.1E+06  1.05E+03   417984     3200
  390       30     3000    2E+03  1.25E+06  1.12E+03   400529     3200
  400       33     3000  2.18E+03  1.03E+06  1.02E+03   435267     3200
  410       30     3000  2.03E+03  1.12E+06  1.06E+03   405892     3200
  420       30     3100  2.03E+03  1.13E+06  1.06E+03   406792     3200
  430       31     3000  2.08E+03  9.86E+05      993   416859     3200
  440       29     3100  2.1E+03  1.02E+06  1.01E+03   419764     3200
  450       31     3200  2.14E+03  9.59E+05      979   428764     3200
  460       32     3100  2.21E+03  1.03E+06  1.01E+03   441913     3200
  470       30     3100  2.03E+03  1.23E+06  1.11E+03   406509     3200
  480       31     3000  1.98E+03  1.07E+06  1.04E+03   395465     3200
  490       30     2900  1.92E+03  1.22E+06  1.1E+03   383707     3200
  500       30     3000  2.04E+03  1.09E+06  1.04E+03   407054     3200

The specified number of iterations has been reached.

Best: 0 1 1 0 1 0 0 1 1 0 0 1 0 1 1 0 1 0 0 1 
      0 1 1 0 0 1 1 0 1 0 0 1 1 0 0 1 0 1 1 0 
      0 1 1 0 1 0 0 1 0 1 1 0 1 0 0 1 1 0 0 1 
      0 1 1 0  (3200)


Best chrom:  0.0000  1.0000  1.0000  0.0000  1.0000  0.0000  0.0000  1.0000  1.0000  0.0000  0.0000  1.0000  0.0000  1.0000  1.0000  0.0000  1.0000  0.0000  0.0000  1.0000  0.0000  1.0000  1.0000  0.0000  0.0000  1.0000  1.0000  0.0000  1.0000  0.0000  0.0000  1.0000  1.0000  0.0000  0.0000  1.0000  0.0000  1.0000  1.0000  0.0000  0.0000  1.0000  1.0000  0.0000  1.0000  0.0000  0.0000  1.0000  0.0000  1.0000  1.0000  0.0000  1.0000  0.0000  0.0000  1.0000  1.0000  0.0000  0.0000  1.0000  0.0000  1.0000  1.0000  0.0000  
(fitness: 3200)


Number of nodes: 1 2 4 7 8 11 13 14 16 19 21 22 25 26 28 31 32 35 37 38 41 42 44 47 49 50 52 55 56 59 61 62 [32]

 ************************************Finish rep. 7************************************
************************************Start rep. 8************************************
Opening Instances/hamming6-2.clq.txt (64 nodes, 1824 edges)
Malloc function ok

LibGA Version 1.00
(c) Copyright Arthur L. Corcoran, 1992, 1993.  All rights reserved.

GA Configuration Information:
-----------------------------
Basic Info
   Random Seed       : 1679
   Data Type         : Bit
   Init Pool Entered : Randomly     
   Chromosome Length : 64
   Pool Size         : 200
   Number of Trials  : 500 iterations, or until convergence
   Minimize          : No
   Elitism           : No
   Scale Factor      : 0

Functions
   GA          : generational (Gap = 0)
   Selection   : roulette 
   Crossover   : simple (Rate = 0.6)
   Mutation    : simple_invert (Rate = 0.4)
   Replacement : append

Reports
   Type     : Short
   Interval : 10
-----------------------------
seed: 1679
Gener    Min      Max      Ave    Variance  Std Dev  Tot Fit    Best 
-----  -------  -------  -------  --------  -------  -------  -------
    0      -19       16     2.27      41.5     6.45      453       16
New scale factor = 20
    1       -9       16    -2.19      18.3     4.28     -439       16
   10       -9        0       -4      2.47     1.57     -799       16
   20      -15       -7    -10.8       1.7      1.3    -2162       16
   30       -8       -1    -4.21      1.94     1.39     -843       16
   40       -9       -1    -4.92      1.77     1.33     -984       16
   50      -13       -5    -8.64      2.94     1.72    -1729       16
   60      -10       -1    -5.11      2.41     1.55    -1022       16
   70      -13       -6     -9.8      1.44      1.2    -1960       16
   80      -12       -4    -8.76      3.25      1.8    -1751       16
New scale factor = 24
   90      -23      -15    -18.6      1.65     1.28    -3728       16
  100      -15       -7    -10.6      2.86     1.69    -2119       16
  110      -13       -4    -8.04      2.11     1.45    -1609       16
  120      -11       -2    -6.07      2.55      1.6    -1213       16
  130       -8        1    -3.63       2.3     1.52     -726       16
  140       -9       -2     -5.6      2.01     1.42    -1120       16
  150      -12       -4    -7.99       1.8     1.34    -1597       16
  160      -13       -6    -9.02      1.61     1.27    -1803       16
  170      -16       -8    -12.6      2.04     1.43    -2516       16
  180      -11       -4    -7.67      1.66     1.29    -1534       16
  190       -6        2    -2.12      1.41     1.19     -423       16
  200        0        7     2.76      1.48     1.22      552       16
  210        0        5     2.08     0.762    0.873      417       16
  220       -1        4     1.26      1.37     1.17      253       16
  230       -5        1    -2.69       1.1     1.05     -537       16
  240      -11       -2    -6.61      2.11     1.45    -1321       16
  250       -1        7     3.75      1.23     1.11      751       16
New scale factor = 0
New scale factor = 1
  260        0       14     7.04      5.79     2.41     1409       16
New scale factor = 0
New scale factor = 3
New scale factor = 0
  270        5       20       12       6.4     2.53     2399       21
  280        6       24     15.9      9.08     3.01     3183       24
  290        6       23     17.1      9.53     3.09     3425       24
  300        9       26     18.8        10     3.17     3757       28
  310        8       28     18.5       9.5     3.08     3707       28
  320       13       28     20.5      10.4     3.23     4091       28
  330       14       28     21.3      6.72     2.59     4251       28
  340       14       28       21      10.7     3.28     4207       29
  350       13       32     22.5      11.9     3.45     4501       32
  360       13       32     24.3      12.8     3.58     4856       33
  370       12       35     25.9      16.3     4.03     5170       36
  380       26     2300  1.6E+03  7.46E+05      864   320103     2300
  390       24     2300  1.57E+03  7.65E+05      875   313732     2500
  400       25     2500  1.51E+03  8.39E+05      916   302487     2600
  410       25     2500  1.67E+03  7.54E+05      868   334927     2600
  420       25     2600  1.66E+03  8.89E+05      943   331461     2600
  430       24     2700  1.67E+03  9.29E+05      964   334420     2700
  440       28     2700  1.76E+03  1.01E+06    1E+03   352741     2800
  450       30     2800  1.88E+03  8.79E+05      938   375245     2900
  460       26     2800  2.05E+03  7.26E+05      852   410211     2900
  470       30     2900  1.88E+03  1.09E+06  1.04E+03   376075     2900
  480       25     2800  1.96E+03  1.05E+06  1.03E+03   391796     2900
  490       30     3000  2.05E+03  9.31E+05      965   409168     3100
  500       27     3100  2.04E+03   1.1E+06  1.05E+03   408029     3100

The specified number of iterations has been reached.

Best: 1 0 0 1 0 1 1 0 0 1 1 0 1 0 0 1 0 1 1 0 
      1 0 0 1 1 0 0 1 0 1 1 0 0 1 0 0 1 0 0 1 
      1 0 0 1 0 1 1 0 1 0 0 1 0 1 1 0 0 1 1 0 
      1 0 0 1  (3100)


Best chrom:  1.0000  0.0000  0.0000  1.0000  0.0000  1.0000  1.0000  0.0000  0.0000  1.0000  1.0000  0.0000  1.0000  0.0000  0.0000  1.0000  0.0000  1.0000  1.0000  0.0000  1.0000  0.0000  0.0000  1.0000  1.0000  0.0000  0.0000  1.0000  0.0000  1.0000  1.0000  0.0000  0.0000  1.0000  0.0000  0.0000  1.0000  0.0000  0.0000  1.0000  1.0000  0.0000  0.0000  1.0000  0.0000  1.0000  1.0000  0.0000  1.0000  0.0000  0.0000  1.0000  0.0000  1.0000  1.0000  0.0000  0.0000  1.0000  1.0000  0.0000  1.0000  0.0000  0.0000  1.0000  
(fitness: 3100)


Number of nodes: 0 3 5 6 9 10 12 15 17 18 20 23 24 27 29 30 33 36 39 40 43 45 46 48 51 53 54 57 58 60 63 [31]

 ************************************Finish rep. 8************************************
************************************Start rep. 9************************************
Opening Instances/hamming6-2.clq.txt (64 nodes, 1824 edges)
Malloc function ok

LibGA Version 1.00
(c) Copyright Arthur L. Corcoran, 1992, 1993.  All rights reserved.

GA Configuration Information:
-----------------------------
Basic Info
   Random Seed       : 1680
   Data Type         : Bit
   Init Pool Entered : Randomly     
   Chromosome Length : 64
   Pool Size         : 200
   Number of Trials  : 500 iterations, or until convergence
   Minimize          : No
   Elitism           : No
   Scale Factor      : 0

Functions
   GA          : generational (Gap = 0)
   Selection   : roulette 
   Crossover   : simple (Rate = 0.6)
   Mutation    : simple_invert (Rate = 0.4)
   Replacement : append

Reports
   Type     : Short
   Interval : 10
-----------------------------
seed: 1680
Gener    Min      Max      Ave    Variance  Std Dev  Tot Fit    Best 
-----  -------  -------  -------  --------  -------  -------  -------
    0      -15       16        2      40.4     6.35      400       16
New scale factor = 16
    1       -1       18     3.73      7.11     2.67      747       18
New scale factor = 0
   10        4       16     11.1         7     2.65     2215       18
   20        3       23     15.7      8.92     2.99     3137       23
   30        8       24     17.1      9.28     3.05     3416       25
   40       10       25     18.7       7.2     2.68     3738       27
   50        9       29     19.7      10.2     3.19     3943       29
   60       12       28     21.3      10.6     3.25     4259       29
   70       17     1900  1.28E+03  3.26E+05      571   255624     1900
   80       20     2200  1.38E+03  4.31E+05      656   276188     2200
   90       22     2400  1.46E+03  6.51E+05      807   292367     2400
  100       24     2500  1.55E+03  7.52E+05      867   310662     2700
  110       26     2700  1.75E+03  6.88E+05      829   349908     2700
  120       26     3000  1.8E+03  8.85E+05      940   359666     3000
  130       28     2700  1.78E+03  9.21E+05      960   356094     3000
  140       25     2900  1.91E+03  8.67E+05      931   382279     3000
  150       29     2900  1.97E+03  8.84E+05      940   394205     3000
  160       26     3000  2.02E+03  9.29E+05      964   403681     3000
  170       30     3000  1.94E+03  1.18E+06  1.09E+03   388005     3000
  180       28     3000  2.01E+03  1.05E+06  1.03E+03   402245     3000
  190       29     3100  2.15E+03  9.01E+05      949   429554     3100
  200       28     3100  2.07E+03   1.2E+06  1.1E+03   413246     3100
  210       32     3000  2.01E+03  1.29E+06  1.14E+03   401250     3100
  220       32     3200  2.12E+03  1.16E+06  1.08E+03   424680     3200
  230       32     3200  2.13E+03  1.08E+06  1.04E+03   425821     3200
  240       32     3100  2.22E+03  1.03E+06  1.01E+03   443087     3200
  250       33     3100  2.19E+03  1.16E+06  1.08E+03   438155     3200
  260       33     3200  2.15E+03  1.13E+06  1.06E+03   430271     3200
  270       30     3100  2.18E+03  1.02E+06  1.01E+03   436879     3200
  280       30     3100  1.99E+03   1.2E+06  1.1E+03   397557     3200
  290       29     3000  2.17E+03     1E+06    1E+03   434204     3200
  300       31     3000  2.1E+03  9.76E+05      988   420397     3200
  310       30     3100  1.96E+03  1.15E+06  1.07E+03   391854     3200
  320       29     3000  2.01E+03  1.08E+06  1.04E+03   401526     3200
  330       29     3000    2E+03   1.1E+06  1.05E+03   399670     3200
  340       30     3100  2.03E+03  1.04E+06  1.02E+03   406441     3200
  350       26     3000  1.9E+03   1.2E+06  1.1E+03   379709     3200
  360       30     3100  2.08E+03  1.11E+06  1.06E+03   415595     3200
  370       30     3100  2.1E+03   1.1E+06  1.05E+03   420492     3200
  380       33     3100  2.09E+03  1.16E+06  1.08E+03   418477     3200
  390       31     3000  2.08E+03   1.2E+06  1.1E+03   416153     3200
  400       31     3000  1.97E+03  1.28E+06  1.13E+03   393333     3200
  410       34     3100  2.14E+03  1.08E+06  1.04E+03   428641     3200
  420       31     3000  2.18E+03  1.01E+06  1.01E+03   436314     3200
  430       31     3000  2.21E+03     1E+06    1E+03   442488     3200
  440       30     3200  1.97E+03  1.19E+06  1.09E+03   393798     3200
  450       30     3000  2.02E+03  1.05E+06  1.03E+03   403501     3200
  460       30     3000  2.1E+03  9.38E+05      969   419592     3200
  470       27     3200  2.07E+03  1.11E+06  1.05E+03   414572     3200
  480       28     3100  2.04E+03  1.23E+06  1.11E+03   408022     3200
  490       29     3100  1.97E+03  1.34E+06  1.16E+03   393121     3200
  500       29     3000  1.96E+03   1.2E+06  1.09E+03   391356     3200

The specified number of iterations has been reached.

Best: 1 0 0 1 0 1 1 0 0 1 1 0 1 0 0 1 0 1 1 0 
      1 0 0 1 1 0 0 1 0 1 1 0 0 1 1 0 1 0 0 1 
      1 0 0 1 0 1 1 0 1 0 0 1 0 1 1 0 0 1 1 0 
      1 0 0 1  (3200)


Best chrom:  1.0000  0.0000  0.0000  1.0000  0.0000  1.0000  1.0000  0.0000  0.0000  1.0000  1.0000  0.0000  1.0000  0.0000  0.0000  1.0000  0.0000  1.0000  1.0000  0.0000  1.0000  0.0000  0.0000  1.0000  1.0000  0.0000  0.0000  1.0000  0.0000  1.0000  1.0000  0.0000  0.0000  1.0000  1.0000  0.0000  1.0000  0.0000  0.0000  1.0000  1.0000  0.0000  0.0000  1.0000  0.0000  1.0000  1.0000  0.0000  1.0000  0.0000  0.0000  1.0000  0.0000  1.0000  1.0000  0.0000  0.0000  1.0000  1.0000  0.0000  1.0000  0.0000  0.0000  1.0000  
(fitness: 3200)


Number of nodes: 0 3 5 6 9 10 12 15 17 18 20 23 24 27 29 30 33 34 36 39 40 43 45 46 48 51 53 54 57 58 60 63 [32]

 ************************************Finish rep. 9************************************
************************************Start rep. 10************************************
Opening Instances/hamming6-2.clq.txt (64 nodes, 1824 edges)
Malloc function ok

LibGA Version 1.00
(c) Copyright Arthur L. Corcoran, 1992, 1993.  All rights reserved.

GA Configuration Information:
-----------------------------
Basic Info
   Random Seed       : 1681
   Data Type         : Bit
   Init Pool Entered : Randomly     
   Chromosome Length : 64
   Pool Size         : 200
   Number of Trials  : 500 iterations, or until convergence
   Minimize          : No
   Elitism           : No
   Scale Factor      : 0

Functions
   GA          : generational (Gap = 0)
   Selection   : roulette 
   Crossover   : simple (Rate = 0.6)
   Mutation    : simple_invert (Rate = 0.4)
   Replacement : append

Reports
   Type     : Short
   Interval : 10
-----------------------------
seed: 1681
Gener    Min      Max      Ave    Variance  Std Dev  Tot Fit    Best 
-----  -------  -------  -------  --------  -------  -------  -------
    0      -24       17     2.13      40.8     6.39      427       17
New scale factor = 25
    1        1       15     11.3       4.9     2.21     2263       17
New scale factor = 0
   10        7       21       14      7.56     2.75     2795       21
   20        9       22     16.4      7.76     2.79     3273       24
   30        9       25     17.6      6.09     2.47     3527       25
   40       10       25     18.1      8.41      2.9     3625       26
   50        6       29     21.2      12.7     3.56     4243       30
   60       12       30     21.9      11.7     3.42     4374       33
   70       13       33     22.6      14.7     3.83     4510       34
   80       10       32     23.6      18.8     4.34     4724       35
   90       11       31     23.2      12.9     3.58     4636       35
  100       12       35     24.2      16.9     4.11     4836       35
  110       14       32     24.7      12.3     3.51     4935       35
  120       12       33     24.7      13.4     3.65     4944       35
  130       26     2400  1.64E+03  6.81E+05      825   327192     2400
  140       24     2600  1.71E+03  6.48E+05      805   342473     2600
  150       27     2700  1.69E+03  8.98E+05      948   337550     2700
  160       27     2600  1.67E+03  9.24E+05      961   333900     2800
  170       23     2800  1.87E+03  8.74E+05      935   374785     2800
  180       26     3100  1.92E+03  9.61E+05      980   383075     3100
  190       30     2900  1.93E+03  9.63E+05      981   386537     3100
  200       31     2800  2.01E+03  8.96E+05      946   402095     3100
  210       24     3100  1.95E+03   1.1E+06  1.05E+03   389565     3100
  220       30     3000  2.1E+03  9.45E+05      972   420140     3100
  230       27     3100  1.92E+03  1.07E+06  1.04E+03   384249     3100
  240       31     3100  1.96E+03  1.14E+06  1.07E+03   391593     3100
  250       31     3100  2.1E+03  1.02E+06  1.01E+03   419157     3100
  260       32     3200  2.12E+03  1.24E+06  1.11E+03   423521     3200
  270       29     3100  2.1E+03   1.2E+06  1.1E+03   420599     3200
  280       33     3000  2.18E+03  1.04E+06  1.02E+03   435866     3200
  290       34     3100  2.26E+03  9.36E+05      967   452596     3200
  300       34     3000  1.92E+03  1.34E+06  1.16E+03   383322     3200
  310       32     3100    2E+03  1.26E+06  1.12E+03   400094     3200
  320       31     3100  2.01E+03  1.29E+06  1.14E+03   401428     3200
  330       29     3000  2.1E+03  1.01E+06  1.01E+03   420969     3200
  340       29     3000  2.03E+03  1.12E+06  1.06E+03   405595     3200
  350       28     3000  2.18E+03  8.47E+05      920   435388     3200
  360       30     3100  2.05E+03  1.05E+06  1.02E+03   410456     3200
  370       30     3000  2.09E+03  1.04E+06  1.02E+03   418405     3200
  380       30     3100  2.08E+03  1.05E+06  1.02E+03   416720     3200
  390       26     3000  1.99E+03  1.09E+06  1.04E+03   398440     3200
  400       29     3100  2.04E+03  9.87E+05      994   408350     3200
  410       28     3100  2.01E+03   1.2E+06  1.09E+03   401298     3200
  420       31     3100  2.04E+03  1.23E+06  1.11E+03   407612     3200
  430       32     3000  2.1E+03  1.07E+06  1.03E+03   419892     3200
  440       32     3200  2.04E+03  1.17E+06  1.08E+03   408482     3200
  450       30     3000  2.14E+03  1.01E+06  1.01E+03   428954     3200
  460       30     3000  2.1E+03  1.09E+06  1.05E+03   420523     3200
  470       32     3100  2.03E+03  1.12E+06  1.06E+03   405112     3200
  480       32     3000  2.09E+03  1.09E+06  1.04E+03   417808     3200
  490       30     3100  2.1E+03  1.07E+06  1.03E+03   420160     3200
  500       29     3100  2.2E+03  8.36E+05      914   440083     3200

The specified number of iterations has been reached.

Best: 1 0 0 1 0 1 1 0 0 1 1 0 1 0 0 1 0 1 1 0 
      1 0 0 1 1 0 0 1 0 1 1 0 0 1 1 0 1 0 0 1 
      1 0 0 1 0 1 1 0 1 0 0 1 0 1 1 0 0 1 1 0 
      1 0 0 1  (3200)


Best chrom:  1.0000  0.0000  0.0000  1.0000  0.0000  1.0000  1.0000  0.0000  0.0000  1.0000  1.0000  0.0000  1.0000  0.0000  0.0000  1.0000  0.0000  1.0000  1.0000  0.0000  1.0000  0.0000  0.0000  1.0000  1.0000  0.0000  0.0000  1.0000  0.0000  1.0000  1.0000  0.0000  0.0000  1.0000  1.0000  0.0000  1.0000  0.0000  0.0000  1.0000  1.0000  0.0000  0.0000  1.0000  0.0000  1.0000  1.0000  0.0000  1.0000  0.0000  0.0000  1.0000  0.0000  1.0000  1.0000  0.0000  0.0000  1.0000  1.0000  0.0000  1.0000  0.0000  0.0000  1.0000  
(fitness: 3200)


Number of nodes: 0 3 5 6 9 10 12 15 17 18 20 23 24 27 29 30 33 34 36 39 40 43 45 46 48 51 53 54 57 58 60 63 [32]

 ************************************Finish rep. 10************************************
